1000 33554432
1 0 7
2 0
1 2 147824
2 2
1 4 1
2 4
1 6 1
1 7 12849
1 8 535802
1 9 173883
1 10 10
1 11 5
2 6
1 13 1421525
2 9
1 15 7608
1 16 1007
2 16
1 18 16
2 18
1 20 4627949
1 21 321299
2 21
1 23 1203392
1 24 6
1 25 1
2 20
1 27 6252
1 28 16310739
1 29 1686318
2 29
2 27
2 28
2 25
2 11
2 24
2 7
1 37 1124033
1 38 194
1 39 15576
2 38
1 41 3414
1 42 952557
2 39
2 41
1 45 782
2 45
2 42
2 8
2 15
2 37
2 13
1 52 30122863
2 52
2 23
2 10
1 56 372776
2 56
1 58 20485
2 58
1 60 52764
1 61 542073
2 60
1 63 379138
2 63
2 61
1 66 5
1 67 34
2 67
1 69 18814202
2 69
1 71 4724
1 72 6
2 72
1 74 17892322
2 74
2 71
1 77 4483
1 78 1185077
1 79 2188
1 80 890210
1 81 627
1 82 206054
1 83 1
1 84 21
2 79
1 86 869275
1 87 3071
2 87
1 89 75081
1 90 1918581
2 77
2 84
2 78
1 94 22330
1 95 14321010
1 96 2
1 97 5871406
1 98 600
2 96
2 89
1 101 268281
1 102 4061
2 101
2 81
1 105 388
2 105
2 97
2 80
1 109 1862595
2 109
2 95
1 112 2783
1 113 118
1 114 777491
1 115 3260
2 112
2 113
1 118 45
2 115
1 120 28
1 121 37
1 122 128
2 121
2 94
2 114
1 126 129791
2 126
2 102
2 90
2 86
2 118
2 83
1 133 78
2 133
1 135 2
1 136 2893593
2 135
2 82
2 120
1 140 23
2 140
2 66
2 98
2 122
1 145 1623315
1 146 401211
2 145
2 146
2 136
1 150 35
1 151 3860
2 150
1 153 22519
2 151
2 153
1 156 1092
2 156
1 158 127
2 158
1 160 4
1 161 34
1 162 568
2 162
1 164 37297
1 165 95557
2 160
1 167 4306781
1 168 7
2 161
2 165
1 171 87665
2 171
1 173 3630512
2 173
2 167
2 168
2 164
1 178 15935
2 178
1 180 9326
1 181 19
2 181
2 180
1 184 440
1 185 3
2 185
2 184
1 188 224249
1 189 1244
2 188
2 189
1 192 2500
1 193 32317889
1 194 8715838
2 194
2 193
1 197 687355
2 197
1 199 21292648
2 199
1 201 35
2 201
1 203 12
1 204 28692354
1 205 545524
2 204
2 203
1 208 73587
2 205
1 210 2574419
2 210
1 212 27
1 213 1946173
2 212
1 215 4176
2 215
1 217 41523
2 217
2 213
2 208
2 192
1 222 172874
1 223 3
2 222
1 225 7853500
2 225
1 227 9
2 227
2 223
1 230 165
1 231 5004
1 232 232
2 230
2 231
2 232
1 236 19013
2 236
1 238 1191991
2 238
1 240 6070321
1 241 458
2 240
1 243 2159868
2 243
2 241
1 246 7
1 247 68
2 247
2 246
1 250 4552
1 251 759
2 251
2 250
1 254 5047254
2 254
1 256 143056
2 256
1 258 1715
2 258
1 260 9
1 261 14
2 260
2 261
1 264 1
2 264
1 266 603
1 267 16988
2 266
2 267
1 270 7220129
2 270
1 272 6121903
1 273 238
1 274 188
2 274
1 276 532694
1 277 664832
1 278 2
2 278
2 276
1 281 21
2 277
2 273
2 272
1 285 1
2 285
2 281
1 288 1825537
1 289 468
1 290 25
1 291 485864
2 288
1 293 22723
2 289
2 293
2 290
1 297 2033
1 298 6335
1 299 1332706
2 299
2 297
1 302 5400
2 302
1 304 14110
1 305 1
1 306 178353
1 307 1
1 308 291
1 309 2
1 310 19
2 305
2 308
1 313 10906646
2 310
1 315 34
1 316 18527
1 317 15
2 315
1 319 200783
1 320 23159
2 313
1 322 1679
2 322
1 324 4
1 325 4
2 324
2 304
1 328 11565
2 309
2 306
2 307
1 332 3
1 333 2
2 333
2 298
1 336 120
1 337 24651
2 337
2 336
1 340 58310
1 341 41
1 342 38
2 342
1 344 92769
2 344
1 346 3257
2 341
1 348 213
1 349 17150
2 349
1 351 81
2 351
2 325
2 317
2 316
2 319
1 357 11
1 358 18381
1 359 46
1 360 18449
2 358
1 362 6
1 363 8587
2 363
1 365 32369203
2 365
1 367 227
1 368 14
2 367
1 370 7
1 371 13
1 372 141551
2 371
2 370
2 368
1 376 5
2 376
1 378 241354
1 379 2020
1 380 5
1 381 531850
1 382 5874
2 380
1 384 407
1 385 3622840
2 382
2 381
1 388 9713
1 389 571209
1 390 490511
1 391 17296870
1 392 398
2 392
1 394 101120
2 394
2 388
1 397 5
2 397
1 399 6
2 399
1 401 252
1 402 2
2 390
1 404 15331
1 405 2525870
1 406 9
1 407 46205
2 404
1 409 192466
2 405
1 411 8542431
1 412 12487857
1 413 2103505
2 413
1 415 5560
1 416 356767
1 417 91
2 411
2 416
2 385
1 421 46
2 421
2 402
1 424 520167
1 425 23957
1 426 18
1 427 393436
2 427
2 406
2 362
1 431 84613
2 384
2 412
1 434 2687094
1 435 10734973
2 434
1 437 605
1 438 1560189
1 439 13
1 440 76121
2 435
1 442 7
1 443 91502
1 444 217
1 445 180631
1 446 3
2 445
2 442
1 449 5455
1 450 621
1 451 177318
1 452 1162113
2 450
1 454 326955
1 455 424568
2 455
2 452
1 458 2982
2 458
1 460 22941077
2 460
2 439
1 463 33501238
1 464 2048612
1 465 6099
1 466 10300
2 463
1 468 1057
1 469 7027
2 465
2 469
2 464
1 473 4
2 473
1 475 4659
1 476 5369417
2 476
1 478 8
2 454
1 480 9140
2 444
2 478
2 449
2 438
1 485 1672
2 485
1 487 1
2 487
2 440
2 466
1 491 357144
2 491
1 493 281955
2 443
1 495 11
2 495
1 497 288592
2 379
1 499 12480
1 500 16
1 501 423000
1 502 2966416
1 503 897
2 503
2 500
2 502
2 468
2 389
2 480
2 446
2 493
2 360
2 372
1 514 489
2 514
2 431
2 332
2 437
1 519 20420
2 519
1 521 3731
2 521
2 407
1 524 3053966
2 524
1 526 1
1 527 91405
2 527
2 378
2 451
2 357
1 532 9657
2 532
1 534 2181
2 534
2 348
1 537 11620
2 537
2 501
1 540 223775
1 541 226394
1 542 19
1 543 2421235
2 540
1 545 1
1 546 3923
2 546
2 543
1 549 8
2 549
2 542
2 545
2 541
1 554 17251193
1 555 6
2 555
2 554
1 558 198
2 558
1 560 2197
1 561 1810156
1 562 1
1 563 344
1 564 495
2 561
1 566 329559
1 567 131
2 564
1 569 16113546
2 567
1 571 2465165
2 563
2 562
2 560
2 569
2 426
1 577 1425
1 578 1104586
2 578
2 359
1 581 320
1 582 10900879
1 583 1520279
1 584 67
2 584
1 586 1
1 587 4
2 587
1 589 71971
2 589
2 581
1 592 319435
2 592
1 594 106
2 594
1 596 45
1 597 1231
2 596
1 599 2
1 600 3961541
2 600
1 602 75
1 603 14
2 603
2 602
2 599
2 499
2 526
2 391
2 497
2 417
2 583
2 340
2 346
2 320
2 571
2 415
2 577
1 619 46327
1 620 39218
2 620
2 619
2 328
1 624 16544
2 624
2 409
2 475
1 628 109
2 628
1 630 417444
2 630
1 632 98795
2 632
1 634 1
1 635 2
1 636 3993092
2 634
1 638 9131045
2 636
2 638
1 641 173
1 642 17882862
1 643 1178
2 643
2 642
1 646 2
1 647 374
1 648 12480
2 648
2 646
1 651 2
2 651
2 635
1 654 18342
2 641
1 656 843462
1 657 4
1 658 5772880
2 658
1 660 5
2 660
2 656
2 647
2 657
2 424
1 666 3
2 666
2 582
2 401
1 670 9228136
1 671 851
1 672 13836
2 672
2 670
2 671
1 676 99
1 677 4
2 677
1 679 12741353
2 676
2 597
2 586
1 683 9445
2 425
2 291
2 654
2 566
1 688 1086051
2 688
2 683
2 679
1 692 2
2 692
1 694 76
1 695 433187
1 696 15560824
1 697 1252
2 697
1 699 5358070
2 696
2 699
1 702 462
1 703 256217
1 704 4
2 703
1 706 27027940
2 702
1 708 21978
2 708
2 704
2 694
1 712 26757721
1 713 674
2 712
2 706
2 695
1 717 28510845
1 718 1890381
1 719 82886
2 718
1 721 1
1 722 79
2 721
2 719
1 725 3
2 725
1 727 1978342
2 722
1 729 39
2 727
2 717
1 732 5921
1 733 116950
2 733
2 732
2 713
1 737 4519
2 737
1 739 2845036
2 739
1 741 1423
1 742 21
1 743 7957
1 744 144043
1 745 12910927
2 742
2 741
2 743
1 749 130479
2 749
1 751 802
2 751
2 744
2 745
2 729
1 756 194204
2 756
1 758 7
1 759 30718090
2 758
2 759
1 762 78991
2 762
1 764 18
2 764
1 766 1767
1 767 240335
1 768 7
2 767
1 770 60190
1 771 8
1 772 139692
2 771
2 772
1 775 6461201
2 766
1 777 3
1 778 332
1 779 921343
1 780 2
1 781 350
1 782 1
1 783 106162
1 784 4601105
2 784
1 786 136
1 787 4833056
2 777
2 778
1 790 22188
2 790
1 792 35
1 793 18993
2 787
2 782
2 793
1 797 242
1 798 63124
2 797
1 800 2036730
1 801 1260
2 800
1 803 6
2 783
1 805 545235
2 805
1 807 3799
2 807
1 809 2076
1 810 967278
2 798
2 803
1 813 219
1 814 5
1 815 638
2 814
1 817 245
2 815
1 819 31
1 820 2
1 821 584348
1 822 17
2 820
1 824 2370
2 824
2 822
1 827 1327
1 828 1
2 827
1 830 21690436
1 831 1197
2 830
1 833 7
1 834 17
1 835 14696967
2 833
2 813
2 834
1 839 2
1 840 109643
2 801
1 842 2
1 843 46401
1 844 7701322
2 843
1 846 4261468
1 847 22
2 781
2 792
2 770
1 851 49729
2 851
2 847
2 780
2 809
2 828
1 857 110
1 858 556009
2 857
1 860 80212
2 860
1 862 8465
2 862
2 846
1 865 9520
2 865
2 844
1 868 54
2 868
1 870 18072
1 871 10317
1 872 150109
2 872
1 874 24
2 870
1 876 5301697
2 876
2 842
1 879 123
2 879
2 871
1 882 54
2 882
1 884 2469079
2 768
1 886 50391
2 886
1 888 4774626
2 888
2 874
1 891 43964
1 892 1
1 893 482280
2 891
2 893
2 892
1 897 1399150
2 897
2 858
1 900 699
2 900
1 902 1017654
2 902
2 884
2 835
1 906 7
1 907 623952
1 908 1
2 907
1 910 15323996
1 911 4048376
2 911
2 910
1 914 874809
1 915 65
1 916 12148
1 917 25
2 917
1 919 10085544
2 919
2 915
2 916
2 906
2 821
2 786
2 831
1 927 449
2 927
2 779
1 930 655
2 930
2 914
1 933 1
1 934 1
2 934
1 936 879447
2 936
2 933
1 939 51
1 940 11498
2 940
2 939
1 943 38397
1 944 63191
2 944
1 946 1149
1 947 698
2 946
2 943
1 950 738
1 951 5748
1 952 1556
1 953 68
2 952
2 951
2 950
1 957 587446
2 953
1 959 8
1 960 25771
2 959
2 960
2 957
2 839
1 965 6743990
1 966 152
2 965
1 968 14087
2 968
2 947
1 971 7
2 971
1 973 15
1 974 14963620
2 973
1 976 33
1 977 1004
1 978 9937301
2 978
1 980 44
2 976
2 974
1 983 84256
2 983
1 985 3874
2 980
2 775
2 985
1 989 56
1 990 97
1 991 37455
2 989
2 990
1 994 125605
2 994
2 991
1 997 1063318
2 997
1 999 17242073
